1 42
5 4
2 6
3 56
4 55
Matrix(size=5):
21 0 0 0 21 
2 2 0 0 0 
3 0 3 28 0 
0 0 0 28 0 
0 0 17 0 17 6 36
7 58
9 73
8 62
10 107
Matrix(size=5):
5 0 5 0 21 
29 29 0 0 25 
3 0 24 24 0 
0 0 0 19 19 
0 0 17 0 25 11 66
12 27
13 75
14 75
15 138
Matrix(size=5):
4 0 5 0 21 
1 1 0 0 25 
3 13 13 24 0 
0 0 0 16 19 
4 18 17 16 18 16 50
17 70
18 86
19 101
20 124
Matrix(size=5):
8 8 5 0 21 
1 9 0 0 25 
3 9 26 26 0 
20 0 0 20 19 
4 11 17 16 11 21 85
22 75
23 90
25 95
24 176
Matrix(size=5):
22 8 5 0 22 
1 23 0 7 23 
3 9 15 26 15 
20 0 0 7 19 
4 30 17 16 30 26 67
27 103
28 129
29 88
30 166
Matrix(size=5):
6 6 5 0 22 
14 14 27 7 23 
3 9 27 26 15 
10 0 0 10 19 
12 30 17 16 12 